HLA	1	2	3	4	5	6	7	8	9	10	11
HLA-B*08:01	0.046690009	0.090837091	0.084816873	0.014768082	0.02809302	0.021698726	0.057683332	0.030822	0.02019899	0.046233736	0.558158139
HLA-C*07:01	0.0802262	0.293696271	0.075327332	0.064749294	0.058122292	0.052417707	0.047937773	0.045611753	0.056582555	0.041096971	0.184231853
HLA-B*44:02	0.029790185	0.665608374	0.023864538	0.012024296	0.013404327	0.011548036	0.012963088	0.012795974	0.009752338	0.0092675	0.198981344
HLA-A*01:01	0.035915594	0.190953242	0.06308123	0.020008446	0.022539816	0.017395876	0.018907767	0.016911174	0.022743222	0.024167589	0.567376044
HLA-A*03:01	0.047229778	0.165538048	0.029811566	0.01738427	0.020939551	0.021873041	0.01823135	0.021476031	0.02321552	0.017913502	0.616387344
HLA-B*07:02	0.034063314	0.770223114	0.028943084	0.007363347	0.009786819	0.007396035	0.005722749	0.011493979	0.010825247	0.018337548	0.095844764
HLA-C*07:02	0.177982422	0.349009948	0.030956354	0.030902731	0.01915087	0.022237855	0.01214476	0.0101029	0.011533836	0.018763569	0.317214756
HLA-C*05:01	0.080215765	0.22582382	0.513440951	0.019626132	0.002910638	0.010183834	0.01130076	0.009159197	0.009199461	0.016650001	0.101489441
HLA-B*45:01	0.04111571	0.749747496	0.011650547	0.00555425	0.004031492	0.007538834	0.008083128	0.009255211	0.009941918	0.016693019	0.136388395
HLA-B*56:01	0.072972801	0.72997738	0.018799891	0.00335548	0.00744818	0.007193939	0.013046672	0.010540262	0.007107907	0.021486111	0.108071377
HLA-C*06:02	0.123094845	0.530704153	0.064835119	0.017012542	0.01475409	0.012487627	0.016437624	0.012428538	0.016118987	0.022398877	0.169727598
HLA-A*26:01	0.12181018	0.265974659	0.073111498	0.021962614	0.014082494	0.018272956	0.014450473	0.022273703	0.022658555	0.020710254	0.404692614
HLA-A*30:02	0.022043684	0.036671058	0.015718534	0.006875123	0.008583497	0.00838581	0.009213134	0.007782374	0.011596455	0.010327821	0.86280251
HLA-A*23:01	0.019139867	0.36856047	0.027063046	0.005929915	0.008555106	0.009731725	0.008000018	0.011232284	0.012035844	0.01119696	0.518554766
HLA-B*07:05	0.042227074	0.763434323	0.015264445	0.00551692	0.006906693	0.008058477	0.018238211	0.008349407	0.00517655	0.0122415	0.1145864
HLA-B*18:01	0.040949526	0.453138098	0.022577671	0.007095094	0.008384593	0.008812847	0.008319712	0.011653076	0.019287749	0.018431244	0.401350391
HLA-C*15:05	0.106111234	0.345550457	0.081544099	0.031196158	0.015304976	0.020447049	0.016919701	0.012354756	0.020423584	0.04819548	0.301952507
HLA-B*57:01	0.056184269	0.219121184	0.018389323	0.016839982	0.006797527	0.008245599	0.009145129	0.008763286	0.015465667	0.015218949	0.625829086
HLA-A*29:02	0.017371246	0.049313071	0.016605171	0.006899248	0.011749747	0.008182757	0.018084063	0.008777135	0.014420077	0.020995273	0.827602213
HLA-B*27:02	0.082374732	0.582448815	0.044362761	0.012451354	0.012720616	0.013726039	0.014471395	0.014637617	0.01390553	0.015253329	0.193647813
HLA-A*68:01	0.020561209	0.047231112	0.037165829	0.007713188	0.016910643	0.00672824	0.005879201	0.004545967	0.009944953	0.02155513	0.821764528
HLA-A*02:01	0.031324543	0.345107492	0.071127587	0.0274073	0.011243828	0.009590271	0.020667795	0.011372019	0.023934658	0.012136666	0.436087842
HLA-B*15:01	0.040490694	0.184844229	0.040567538	0.004463276	0.004074733	0.003844045	0.004305406	0.006364414	0.009815725	0.026571584	0.674658357
HLA-C*03:04	0.136810146	0.188028517	0.041924593	0.020375006	0.021974471	0.021754465	0.017087285	0.021050393	0.016853525	0.046889402	0.467252197
HLA-B*39:01	0.068125831	0.253367841	0.028027484	0.020862381	0.006582908	0.00444961	0.007334324	0.007782501	0.012674557	0.051267203	0.539525359
HLA-C*12:03	0.266372838	0.156281736	0.061166045	0.049151269	0.057279969	0.032572704	0.019538987	0.024322749	0.015662542	0.039951649	0.277699511
HLA-A*24:02	0.02391757	0.429138403	0.017991867	0.016408653	0.015351873	0.011899393	0.017122328	0.015901011	0.02276585	0.034794145	0.394708905
HLA-A*11:01	0.029045843	0.137186477	0.017417801	0.005947456	0.007468923	0.004879538	0.006416117	0.010836927	0.019570934	0.015731836	0.745498147
HLA-C*12:02	0.198963719	0.210435466	0.08868918	0.021454036	0.015404456	0.019184103	0.018970503	0.018629257	0.025959007	0.029662206	0.352648068
HLA-B*13:02	0.06116937	0.269721303	0.062688313	0.006495403	0.009791666	0.005640283	0.007033634	0.004992306	0.011947535	0.01333292	0.547187267
HLA-B*52:01	0.072245391	0.155885527	0.09925929	0.017455966	0.022585135	0.016523508	0.021421444	0.016483467	0.021421311	0.027354959	0.529364003
HLA-C*16:01	0.212392059	0.07641343	0.027062051	0.033442294	0.051555768	0.017248499	0.013287416	0.012914856	0.009797804	0.03293067	0.512955152
HLA-B*44:03	0.029587583	0.64289504	0.020576218	0.011645792	0.013786057	0.009946169	0.012876641	0.010011879	0.011978519	0.008286886	0.228409217
HLA-A*30:01	0.160700127	0.154953575	0.114327917	0.011667857	0.035655554	0.005127346	0.009795734	0.011305804	0.016993391	0.025054123	0.454418572
HLA-B*40:02	0.030588043	0.735457296	0.008488991	0.001903972	0.002956177	0.002321431	0.007153407	0.003441292	0.004262594	0.009648758	0.193778039
HLA-B*51:01	0.126690744	0.485101981	0.046992821	0.010634741	0.010103443	0.006432822	0.007644735	0.013103608	0.009764565	0.013397391	0.27013315
HLA-C*08:03	0.164661351	0.218831131	0.020566373	0.010543681	0.003640414	0.006042881	0.003537101	0.008800436	0.007015425	0.01309429	0.543266916
HLA-B*48:01	0.11736198	0.266237027	0.053650437	0.011942424	0.014102253	0.010788627	0.014799012	0.015225646	0.022172251	0.030226925	0.443493418
HLA-B*38:01	0.026514585	0.511833523	0.01561129	0.006038489	0.005343453	0.005628573	0.006216976	0.005357742	0.019272987	0.015500536	0.382681847
HLA-B*35:02	0.048152088	0.569458991	0.024142859	0.006221451	0.00865538	0.008180849	0.012133059	0.01235894	0.011437539	0.037039734	0.262219109
HLA-B*49:01	0.034831313	0.583220355	0.026152988	0.002273617	0.010532786	0.002518293	0.005008523	0.004545353	0.005022665	0.005130651	0.320763455
HLA-B*27:05	0.036471224	0.790168074	0.032993323	0.006871201	0.008985256	0.004568456	0.011844435	0.007507386	0.014471108	0.013735942	0.072383596
HLA-A*25:01	0.122313654	0.251867392	0.069963651	0.040156226	0.03726796	0.042914302	0.042462931	0.038628522	0.038754069	0.045178267	0.270493026
HLA-A*11:02	0.04502036	0.161214647	0.049051342	0.021331655	0.024798892	0.026497765	0.019762968	0.023732022	0.0293194	0.022263589	0.57700736
HLA-A*33:03	0.044388547	0.065845219	0.042530144	0.040376763	0.042742222	0.040633193	0.03792183	0.038067802	0.044801289	0.04829758	0.554395412
HLA-B*58:01	0.031314997	0.238525158	0.026007569	0.007171403	0.003945748	0.002788445	0.003771389	0.004645587	0.010233623	0.009265455	0.662330626
HLA-C*03:02	0.170853163	0.102207313	0.040046335	0.04033232	0.049339286	0.050378316	0.048292866	0.048119908	0.049128148	0.052309427	0.34899292
HLA-B*46:01	0.179241565	0.187014941	0.078763147	0.014008437	0.009456275	0.013930725	0.006850002	0.027375641	0.023610316	0.109177677	0.350571274
HLA-C*01:02	0.072545917	0.038222058	0.145728809	0.017971918	0.008033905	0.004985534	0.010856392	0.008962826	0.009928642	0.020524082	0.662239917
HLA-B*41:01	0.034583562	0.757669566	0.008612489	0.005226397	0.005638527	0.00455739	0.005462583	0.007602104	0.007034876	0.016905099	0.146707407
HLA-A*31:01	0.037178646	0.060664828	0.060721067	0.02024723	0.020620876	0.015271102	0.017479595	0.026873756	0.024312098	0.026391919	0.690238884
HLA-C*03:03	0.183466676	0.177403847	0.031106386	0.074953744	0.01234483	0.012856663	0.011328836	0.010970033	0.017696936	0.0499012	0.417970848
HLA-B*40:01	0.036085509	0.647211397	0.012791721	0.006889281	0.006459011	0.00768569	0.004219002	0.004294231	0.009923451	0.012643966	0.251796739
HLA-C*14:02	0.050467143	0.219561801	0.118428567	0.047731019	0.048644233	0.01478384	0.012495496	0.020507893	0.024249351	0.047641223	0.395489434
HLA-B*15:50	0.061215423	0.184221129	0.026142699	0.005500251	0.007667162	0.007498162	0.007460148	0.00616402	0.005394372	0.016156174	0.672580461
HLA-B*35:01	0.074576151	0.144076229	0.025455361	0.074544102	0.024434084	0.020811362	0.015338093	0.01691494	0.018297663	0.026617234	0.558934782
HLA-C*04:01	0.109725188	0.141749989	0.169891355	0.066171779	0.050346291	0.07023174	0.053606528	0.050294918	0.067582853	0.070898629	0.149500729
HLA-A*32:01	0.19364502	0.236772916	0.060004746	0.008929898	0.010542594	0.008836212	0.015291177	0.02587102	0.03414124	0.027503319	0.378461858
HLA-C*08:02	0.085539523	0.139348512	0.338300945	0.022877037	0.012226034	0.020856227	0.035770306	0.029815425	0.017568001	0.022805588	0.2748924
HLA-B*14:01	0.070906597	0.36134574	0.043465937	0.027811208	0.032172609	0.023553654	0.030114445	0.025443016	0.030301934	0.063265178	0.291619682
HLA-C*08:01	0.172771466	0.221266658	0.052988199	0.025319438	0.032735174	0.023312517	0.025825873	0.021389907	0.030929096	0.054112151	0.339349522
HLA-A*02:05	0.060483709	0.387917303	0.034984434	0.030972269	0.009496005	0.021954379	0.014571762	0.011677592	0.023913826	0.019537461	0.384491262
HLA-B*78:01	0.058265076	0.641948409	0.024441746	0.004327972	0.007811649	0.006123731	0.012469039	0.008783304	0.005694559	0.055253132	0.174881384
HLA-B*35:03	0.11856923	0.468180344	0.017231685	0.01182774	0.012464871	0.013331318	0.010221962	0.014004528	0.015508394	0.033353381	0.285306546
HLA-A*26:08	0.08219324	0.247761674	0.052547986	0.021814826	0.017717774	0.020624868	0.016900488	0.02854746	0.024426942	0.024985633	0.462479108
HLA-B*50:01	0.05633288	0.763342865	0.026805669	0.004264899	0.004287991	0.004130148	0.004072434	0.004278878	0.00689191	0.017069609	0.108522715
HLA-B*37:01	0.06267653	0.44709028	0.033969983	0.013694257	0.010228273	0.009878897	0.014655943	0.011776688	0.012487385	0.023243391	0.360298373
HLA-A*68:02	0.099982754	0.282456342	0.079628009	0.030330664	0.030506562	0.020928089	0.026848784	0.024327284	0.031111951	0.065361237	0.308518325
HLA-A*30:04	0.072026555	0.100122642	0.059653839	0.063169188	0.065325732	0.059071509	0.064357047	0.060136643	0.062703394	0.06572044	0.327713011
HLA-B*15:35	0.054332101	0.272376476	0.035188178	0.004924041	0.007528401	0.004446275	0.006223117	0.007312011	0.007912026	0.015919444	0.58383793
HLA-B*38:02	0.04863475	0.506931345	0.016303987	0.005766531	0.006078763	0.003461448	0.00616727	0.003561946	0.009441545	0.004934371	0.388718045
HLA-A*34:01	0.118123674	0.340056921	0.07125018	0.04201429	0.031704914	0.032429806	0.031378277	0.039770557	0.043036097	0.059139782	0.191095501
HLA-A*34:02	0.043631694	0.163006004	0.056594436	0.024593897	0.031846799	0.026676841	0.02736335	0.027487441	0.03104837	0.030806191	0.536944976
HLA-C*15:09	0.108244435	0.335041672	0.09639342	0.02887934	0.020894058	0.028342625	0.025740673	0.033871631	0.032968072	0.036632472	0.252991604
HLA-B*41:02	0.031045413	0.732441092	0.014785259	0.003989561	0.004585223	0.003956436	0.006827539	0.005056568	0.007320428	0.009327226	0.180665256
HLA-B*55:01	0.078879024	0.668544461	0.028892274	0.013181624	0.012475181	0.015218167	0.014536184	0.016159337	0.017690413	0.01130516	0.123118175
HLA-A*24:03	0.026695539	0.664091921	0.007268237	0.003056123	0.002251985	0.002613048	0.003597211	0.002733265	0.003932625	0.003708185	0.28005186
HLA-B*18:03	0.060945315	0.67155405	0.031626511	0.005300038	0.005632185	0.008200039	0.007407677	0.010659381	0.010804032	0.019993863	0.167876908
HLA-A*33:01	0.057097342	0.053765309	0.017426638	0.005449524	0.014934935	0.012767678	0.013716661	0.008468035	0.028915178	0.013771095	0.773687605
HLA-A*02:03	0.038367785	0.248160472	0.094597368	0.03958606	0.033951685	0.030939122	0.041144338	0.036400901	0.030095156	0.038694403	0.36806271
HLA-B*55:02	0.046181302	0.688857456	0.024907077	0.005331652	0.006540409	0.007192331	0.007821854	0.007377399	0.012008734	0.021361118	0.172420668
HLA-B*58:02	0.095636052	0.217776298	0.022606007	0.007144182	0.007578153	0.00622131	0.013840177	0.006816889	0.010065008	0.01335402	0.598961904
HLA-B*15:10	0.082458986	0.321696813	0.038445274	0.021966875	0.023922136	0.025439321	0.024989178	0.023945713	0.034122702	0.051660824	0.351352178
HLA-B*53:01	0.081537697	0.333271515	0.015368025	0.006341145	0.004094431	0.003750416	0.003599169	0.004531417	0.005490819	0.004139915	0.537875452
HLA-B*15:25	0.057828058	0.202754838	0.029094774	0.005167124	0.005459999	0.005286978	0.011261959	0.014295336	0.006832597	0.008467076	0.653551261
HLA-B*13:01	0.059475841	0.342561651	0.067806221	0.003886438	0.005298964	0.005801473	0.010610254	0.008053252	0.021567885	0.008859249	0.466078773
HLA-A*03:02	0.04578205	0.176148155	0.058677721	0.020848896	0.017480654	0.020566302	0.025912047	0.020170734	0.038533665	0.019485169	0.556394608
HLA-B*15:02	0.060408581	0.120463633	0.036976048	0.015356484	0.011256398	0.014821132	0.009446067	0.013330562	0.013970166	0.030372931	0.673597999
HLA-A*29:01	0.049198235	0.076687354	0.040159656	0.035608876	0.042397099	0.034160847	0.037069532	0.036181244	0.039502831	0.032817351	0.576216975
HLA-B*40:06	0.044429726	0.71764377	0.026979524	0.005565556	0.008353039	0.007193995	0.009428423	0.012915496	0.008543866	0.012818532	0.146128071
HLA-A*02:07	0.101869453	0.390046093	0.044645689	0.031343245	0.020180572	0.017511706	0.020994749	0.022173052	0.022785888	0.025482498	0.302967054
HLA-B*15:17	0.064881679	0.491430063	0.0229718	0.003923918	0.003959729	0.004550379	0.003839038	0.005131581	0.006877508	0.003399695	0.38903461
HLA-A*74:01	0.090991988	0.261234481	0.064507161	0.010744571	0.01270679	0.011990997	0.01096246	0.014886063	0.02518854	0.019011348	0.477775601
HLA-B*15:12	0.0273327	0.255833114	0.038145105	0.006046636	0.00659159	0.009747474	0.006416546	0.007799352	0.006803061	0.020519902	0.61476452
HLA-B*47:01	0.061680931	0.630179113	0.087374166	0.005204153	0.006919541	0.003258451	0.007465672	0.003557462	0.026349945	0.011299888	0.156710678
HLA-B*51:05	0.040601425	0.482959878	0.01697849	0.005159178	0.004707941	0.004043481	0.003586277	0.008246862	0.009713155	0.018387757	0.405615554
HLA-B*81:01	0.059170532	0.387086159	0.03177544	0.033090041	0.027945977	0.029699107	0.029400119	0.034705606	0.037302785	0.045676622	0.284147612
HLA-B*15:16	0.057355568	0.491303401	0.035353072	0.017007322	0.015401446	0.007993601	0.01111102	0.009270953	0.010925023	0.014217173	0.33006142
HLA-B*27:06	0.070646278	0.432265663	0.035394748	0.007305341	0.009762153	0.007655931	0.007580313	0.007606363	0.013162374	0.024229237	0.3843916
HLA-A*24:07	0.05093034	0.38622023	0.032821919	0.020114759	0.022718418	0.025268943	0.031667195	0.022863724	0.032154156	0.016754152	0.358486162
HLA-B*44:05	0.026005644	0.73434627	0.013589173	0.006318576	0.006884904	0.007043271	0.007028379	0.006960365	0.005819956	0.008472196	0.177531266
HLA-A*02:06	0.111130487	0.196783253	0.098728029	0.034241954	0.012886066	0.024713425	0.033148796	0.035299066	0.028107277	0.020362106	0.404599543
HLA-A*02:02	0.074533726	0.373260664	0.028905275	0.012756484	0.006850271	0.005869434	0.00632665	0.007340116	0.007308693	0.008119112	0.468729574
HLA-B*39:05	0.04598115	0.494199063	0.018792086	0.003655928	0.004942107	0.003781007	0.005143024	0.004918544	0.0072654	0.018532908	0.392788783
HLA-B*42:01	0.042858506	0.489469707	0.022857821	0.015343569	0.020469953	0.015861041	0.022363045	0.032118546	0.029603747	0.038711187	0.270342876
HLA-B*15:18	0.085912619	0.275667669	0.039502022	0.008888189	0.008549489	0.012198695	0.007007423	0.013396393	0.013527254	0.034686036	0.500664211
HLA-B*15:03	0.039253102	0.121779208	0.039655907	0.017755119	0.015981184	0.010290952	0.009471759	0.008973627	0.012030881	0.032836493	0.691971768
HLA-B*15:27	0.043759705	0.167695349	0.033728977	0.004278638	0.008594824	0.006054806	0.00634029	0.008349214	0.008767431	0.01048159	0.701949176
HLA-B*54:01	0.097443486	0.489426906	0.029785321	0.015346253	0.016777533	0.015377354	0.017665944	0.017106559	0.020687682	0.042310525	0.238072436
HLA-B*57:03	0.053479451	0.251371479	0.041992093	0.024250255	0.023567001	0.026217756	0.025206565	0.026759744	0.026397351	0.02179912	0.478959185
HLA-B*35:05	0.066811982	0.606025114	0.018232593	0.005805529	0.009782248	0.007245834	0.00687256	0.010856063	0.00947061	0.033562189	0.225335277
HLA-B*48:03	0.177259625	0.274686135	0.007764173	0.012736226	0.009829786	0.019440262	0.027345362	0.021675344	0.042101249	0.023602748	0.38355909
HLA-B*15:11	0.064320685	0.147955634	0.050737359	0.008113412	0.00517835	0.005421097	0.00403016	0.005623848	0.00971264	0.029585246	0.669321569
HLA-B*41:04	0.052493339	0.750112911	0.012427174	0.003142616	0.005399811	0.003163977	0.005049264	0.003923648	0.006496761	0.010759646	0.147030854
HLA-A*69:01	0.081521814	0.29241973	0.087615502	0.015416913	0.014642965	0.011665324	0.013992917	0.010374832	0.022131049	0.013722022	0.436496933
HLA-B*15:07	0.062353861	0.194727158	0.041969873	0.006415311	0.006560404	0.005298582	0.007472647	0.005580727	0.008550142	0.020543281	0.640528012
HLA-A*02:38	0.059771212	0.408876271	0.047761349	0.033826271	0.014778647	0.021618094	0.025109108	0.029687958	0.021068985	0.027084626	0.310417479
HLA-B*39:06	0.085112421	0.283613777	0.058102688	0.011760999	0.022084018	0.015982344	0.022540002	0.017547379	0.011213841	0.038114849	0.43392768
HLA-C*04:09N	0.089742034	0.105265571	0.096820206	0.100678115	0.087615921	0.076237892	0.077405515	0.085469441	0.087252827	0.091847279	0.101665199
HLA-B*35:30	0.057398265	0.613782021	0.016716355	0.004849771	0.008281474	0.008666598	0.007913469	0.007864822	0.010155142	0.024195476	0.240176607
HLA-B*44:04	0.021898313	0.766424795	0.014299801	0.002324724	0.003159555	0.002848772	0.003680914	0.003110699	0.003493985	0.004087899	0.174670544
HLA-A*31:02	0.064460023	0.089078831	0.033130566	0.043421102	0.042705391	0.041067767	0.045685843	0.039909177	0.041727742	0.046981072	0.511832485
HLA-B*51:08	0.052551996	0.513564389	0.009911117	0.005420257	0.008341401	0.007102597	0.01912452	0.008838049	0.010857688	0.025796183	0.338491801
HLA-A*80:01	0.037196547	0.124983478	0.026574981	0.006867675	0.007659091	0.011469218	0.019063104	0.007816386	0.023495962	0.030425611	0.704447948
HLA-B*35:08	0.09488574	0.256791859	0.062216183	0.040058578	0.037389723	0.047748626	0.032639025	0.038483948	0.039646047	0.050065459	0.300074811
HLA-B*44:13	0.006647535	0.758825228	0.013601586	0.001256508	0.001676484	0.000881472	0.001434706	0.000840594	0.002318733	0.001162877	0.211354278
HLA-A*02:11	0.088028433	0.498547787	0.050149084	0.010057888	0.012839466	0.005704451	0.012968228	0.013739593	0.010590936	0.009918329	0.287455805
HLA-A*02:16	0.063352598	0.39131334	0.064194089	0.016083071	0.004088294	0.003676793	0.007705546	0.009446401	0.016741271	0.018705915	0.404692683
HLA-B*42:02	0.030505734	0.426357269	0.051660194	0.033047424	0.031496442	0.028762187	0.032314403	0.028080645	0.029892689	0.040263785	0.267619227
HLA-B*39:02	0.074969058	0.266888167	0.041504622	0.006841523	0.013213555	0.007658314	0.024836347	0.0095341	0.004235886	0.018540183	0.531778245
HLA-A*24:31	0.041680943	0.402529224	0.03230955	0.021413284	0.024624395	0.020882022	0.038558414	0.034500731	0.035670956	0.027293048	0.320537432
HLA-B*39:10	0.047062245	0.534340884	0.013216323	0.006131024	0.007687921	0.006707305	0.011024022	0.015291416	0.013804762	0.038429339	0.30630476
HLA-B*35:43	0.09827923	0.380214375	0.030095824	0.009985192	0.005312177	0.011959591	0.015378177	0.012789327	0.007240217	0.039350053	0.389395837
HLA-B*35:77	0.118687862	0.140358603	0.038831974	0.030964008	0.04676961	0.034374306	0.034382816	0.041589261	0.035405638	0.08136103	0.397274891
HLA-A*33:05	0.054063584	0.070406005	0.025234063	0.011079522	0.018573515	0.011270942	0.010855701	0.009452062	0.017245459	0.020972801	0.750846347
HLA-B*55:04	0.034157676	0.714274315	0.014921478	0.002851713	0.006574299	0.008911557	0.00794831	0.007771361	0.009855371	0.013428488	0.179305432
HLA-A*01:02	0.039171151	0.138708702	0.085631805	0.031112923	0.033192826	0.031749023	0.029854241	0.034508383	0.038424508	0.037257298	0.500389139
HLA-A*36:01	0.044921902	0.176638881	0.064945619	0.031050587	0.028906513	0.030190499	0.027151719	0.028417291	0.034609436	0.026581451	0.506586103
HLA-C*08:04	0.058811405	0.220110182	0.051494267	0.035899347	0.035996452	0.045276652	0.037350055	0.030144687	0.025217842	0.036366485	0.423332626
HLA-C*15:04	0.138172712	0.399898493	0.050429762	0.01347128	0.012814565	0.005463471	0.022702807	0.028870367	0.022531927	0.01979987	0.285844747
HLA-B*44:06	0.079623493	0.638193001	0.061261729	0.002997123	0.003914164	0.005910868	0.00681995	0.005277397	0.00532165	0.021993523	0.168687102
HLA-A*74:09	0.059821721	0.212526522	0.062051411	0.020925795	0.010364383	0.013759045	0.015453442	0.015221469	0.040397903	0.034272428	0.515205882
HLA-B*39:13	0.066321962	0.469894322	0.07045857	0.015546687	0.018219983	0.01214	0.013920261	0.013678384	0.026913211	0.034356345	0.258550275
HLA-B*35:04	0.110862414	0.475933697	0.020219615	0.005056067	0.003254899	0.004124775	0.003721632	0.004509827	0.004854211	0.02173724	0.345725624
HLA-A*23:05	0.034742098	0.407731098	0.033879523	0.022148619	0.024858509	0.024238168	0.027562518	0.022627045	0.028330844	0.025806931	0.348074648
HLA-A*02:22	0.037389859	0.501651162	0.018115592	0.006134753	0.013236045	0.007343976	0.01020749	0.007503529	0.009708553	0.014939608	0.373769434
HLA-B*50:02	0.029749578	0.741946615	0.032265723	0.009858589	0.006757747	0.010665871	0.011569492	0.013506225	0.016020598	0.023875773	0.103783789
HLA-B*57:04	0.034617909	0.274135412	0.015591806	0.005997972	0.003584239	0.002963335	0.003617336	0.00414202	0.004339527	0.003527966	0.64748248
HLA-A*02:27	0.063708835	0.515273002	0.055912266	0.019820443	0.013088636	0.012698269	0.015238937	0.017732013	0.02552274	0.026293745	0.234711115
HLA-B*44:09	0.054575534	0.576102537	0.043597834	0.016715549	0.016129614	0.014255593	0.015904085	0.015520632	0.015322034	0.023962592	0.207913997
HLA-A*02:29	0.075192783	0.337949036	0.073831706	0.031399217	0.013593252	0.016569636	0.016461132	0.022021994	0.041721527	0.019305444	0.351954274
HLA-B*15:09	0.062285115	0.262805385	0.030955545	0.030858232	0.061441159	0.033174413	0.04429327	0.046858785	0.041657678	0.057887639	0.327782778
HLA-B*07:04	0.036676501	0.674594718	0.029900335	0.00481543	0.007927145	0.009101317	0.011414787	0.010989854	0.007426003	0.016348796	0.190805114
HLA-B*15:24	0.048586978	0.23401989	0.021387257	0.006033211	0.006318379	0.003603775	0.003627014	0.005696588	0.009801687	0.00873707	0.652188151
HLA-B*73:01	0.019299677	0.584525139	0.141208831	0.004290162	0.003005417	0.003778647	0.009151408	0.003648587	0.010848374	0.009407913	0.210835846
HLA-B*27:04	0.10212287	0.623487269	0.085120655	0.005233883	0.003900989	0.006608243	0.003988014	0.006305108	0.005631519	0.008911374	0.148690077
HLA-B*27:07	0.049603765	0.71563273	0.024269768	0.012454606	0.011769355	0.012990618	0.013479818	0.010139431	0.014020026	0.016349075	0.119290807
HLA-B*82:01	0.033393395	0.696325393	0.01656114	0.00977262	0.010131117	0.008893606	0.009227916	0.00693674	0.009725963	0.035090128	0.163941981
HLA-A*68:08	0.05966497	0.164368131	0.044510196	0.026412813	0.032605959	0.025103848	0.028591349	0.027215449	0.027729932	0.03494673	0.528850624
HLA-B*44:10	0.062219158	0.508953894	0.046505895	0.026186002	0.02096358	0.030338748	0.042372324	0.030642139	0.032091156	0.028197608	0.171529497
HLA-B*39:24	0.059579457	0.320145493	0.018794448	0.009272746	0.01202507	0.008187743	0.007465175	0.011034095	0.012294245	0.043379414	0.497822112
HLA-A*01:03	0.033292351	0.241806731	0.089402579	0.023623918	0.023528296	0.026210013	0.028796494	0.026180804	0.031193576	0.04065932	0.435305917
HLA-C*03:05	0.135738214	0.159883039	0.042483942	0.020176472	0.011325009	0.016739105	0.013159069	0.014450756	0.021832522	0.028375182	0.53583669
HLA-A*03:25	0.048346584	0.171114674	0.062947885	0.028916533	0.030014469	0.028967677	0.026606793	0.027721854	0.032959181	0.033379454	0.509024897
HLA-B*15:05	0.044502435	0.146639098	0.020114836	0.006209582	0.006632058	0.005302193	0.005020767	0.006063099	0.005797227	0.017162032	0.736556673
HLA-B*15:125	0.055465888	0.164197329	0.055385193	0.012483157	0.007098928	0.006027913	0.006045973	0.009759773	0.009952809	0.023217471	0.650365567
HLA-B*35:13	0.123675007	0.153699224	0.040611737	0.062620131	0.029300416	0.034939503	0.033636431	0.032022045	0.037663642	0.074348615	0.377483249
HLA-B*78:02	0.07251644	0.68985776	0.021879929	0.003655233	0.005810591	0.003742519	0.005250821	0.010307966	0.007790981	0.041223851	0.137963908
HLA-C*06:08	0.100254494	0.496851469	0.055722124	0.008089259	0.007745108	0.005364796	0.010343038	0.009333321	0.010411058	0.019994286	0.275891048
HLA-A*02:30	0.063736945	0.34750515	0.058334358	0.020411897	0.015306115	0.020023091	0.021729501	0.023723875	0.025093732	0.020403939	0.383731397
HLA-C*06:06	0.098893136	0.432801473	0.084492419	0.012308269	0.022753734	0.014908892	0.014057472	0.011743595	0.019883446	0.023718748	0.264438817
HLA-A*03:12	0.062210313	0.131962103	0.063622873	0.031623056	0.033483977	0.035711732	0.035638133	0.031533677	0.039132214	0.030723009	0.504358914
HLA-C*07:95	0.06222222	0.27164823	0.042780817	0.047812983	0.037185626	0.044143828	0.051817175	0.045130809	0.059498814	0.052785945	0.284973553
HLA-A*11:10	0.036631064	0.20278711	0.053119279	0.02212219	0.021468128	0.020451323	0.026330072	0.021522686	0.023898435	0.02680932	0.544860393
HLA-B*58:06	0.065934429	0.451250114	0.045430799	0.002922077	0.004309833	0.006124191	0.002493283	0.004369168	0.002824757	0.00523421	0.409107139
HLA-A*01:38	0.050150934	0.204129882	0.05460724	0.035206541	0.028454975	0.031941348	0.038906666	0.034650953	0.029631161	0.033154274	0.459166027
HLA-B*44:07	0.020452873	0.779968364	0.013453068	0.002639325	0.002171803	0.001955151	0.003118855	0.002138046	0.003109809	0.002527329	0.168465376
HLA-A*29:10	0.046666744	0.071145984	0.050922714	0.048452919	0.047185547	0.045118522	0.049094328	0.046012051	0.054813353	0.044197119	0.49639072
HLA-B*53:02	0.082267404	0.29812559	0.005531001	0.006833552	0.013160174	0.004356886	0.004539173	0.006178902	0.007044817	0.005553382	0.566409119
HLA-B*27:09	0.101076155	0.565825699	0.051310365	0.032122479	0.025174316	0.028523728	0.034616513	0.030327342	0.022754202	0.036606311	0.07166289
HLA-A*24:23	0.042885002	0.5304824	0.030754038	0.022536643	0.024071496	0.023390041	0.021574584	0.025270247	0.030540935	0.024627946	0.223866668
HLA-A*68:24	0.108723035	0.22045903	0.09879536	0.03639318	0.027983671	0.034579033	0.03936427	0.02927109	0.024300485	0.032874764	0.347256084
HLA-A*66:02	0.094516241	0.395858803	0.074303996	0.022377432	0.022606975	0.023365707	0.026802426	0.024201287	0.026258227	0.034694713	0.255014193
HLA-B*07:12	0.025475671	0.79828404	0.007063216	0.005481759	0.00413731	0.005329834	0.004034089	0.007077543	0.004532928	0.013900584	0.124683026
HLA-B*15:31	0.062049956	0.085439091	0.031234759	0.009074888	0.011462207	0.004617877	0.005770442	0.012583217	0.007958336	0.023587935	0.746221292
HLA-B*57:02	0.035395168	0.273835506	0.012871785	0.005096853	0.004722795	0.006508021	0.00510172	0.006819063	0.006058192	0.007912936	0.635677962
HLA-B*51:09	0.070719936	0.513806576	0.024710211	0.022262986	0.013333655	0.010927907	0.010535188	0.012129211	0.009786069	0.017726178	0.294062081
HLA-B*18:05	0.06244818	0.570576204	0.019314158	0.002906728	0.007899114	0.002854289	0.016076316	0.00444107	0.011854335	0.007491647	0.294137958
HLA-B*15:39	0.05146345	0.111794379	0.030582791	0.018807045	0.016578832	0.012992806	0.014221655	0.018564946	0.017543325	0.025600893	0.681849878
HLA-B*07:09	0.020197168	0.593961756	0.032365543	0.030702486	0.027839616	0.05957794	0.036495774	0.032741345	0.051809202	0.054156027	0.060153144
HLA-A*02:14	0.082890338	0.272197966	0.070849693	0.053447047	0.041283831	0.032077092	0.049757607	0.042577117	0.04578574	0.037872311	0.271261258
HLA-B*56:04	0.063138991	0.587984141	0.008294553	0.007413374	0.010375696	0.007447952	0.008884447	0.016696666	0.018179609	0.026944636	0.244639934
HLA-A*24:10	0.038957855	0.446442942	0.034292103	0.026529392	0.026750075	0.029597861	0.027775363	0.027639591	0.022049085	0.024686911	0.29527882
HLA-B*15:21	0.078488568	0.13598948	0.03445862	0.006493101	0.003802462	0.003157599	0.005261149	0.006311317	0.00431539	0.007413017	0.714309297
HLA-B*15:13	0.108915341	0.079514196	0.071441318	0.014211745	0.0088284	0.011239899	0.004314547	0.005480657	0.006509573	0.008260463	0.681283863
HLA-A*11:04	0.036884307	0.129672226	0.048667412	0.022832428	0.025860872	0.022387447	0.018928411	0.019777414	0.030295954	0.024984234	0.619709294
HLA-B*51:02	0.07178555	0.58238677	0.026344381	0.003720726	0.006289945	0.004085894	0.00372924	0.004883224	0.00428236	0.005705734	0.286786176
HLA-B*15:08	0.0893847	0.312341097	0.032242454	0.005923459	0.013801242	0.007198327	0.007300422	0.015495929	0.012914805	0.030522964	0.472874601
HLA-A*02:17	0.064011062	0.30196493	0.030174854	0.006764274	0.007912312	0.006445887	0.005177595	0.008416067	0.018895105	0.021531235	0.528706679
HLA-A*24:17	0.066174447	0.370924434	0.059324439	0.030136523	0.029367799	0.024917604	0.040189243	0.042012895	0.024671099	0.042526662	0.269754855
HLA-B*35:09	0.047077657	0.489249473	0.022098421	0.006555856	0.007696964	0.006035408	0.010396617	0.009771886	0.01374101	0.032211116	0.355165592
HLA-A*11:03	0.064381401	0.130035531	0.045796089	0.036038449	0.038035067	0.037615111	0.038943936	0.03842903	0.045135857	0.046319005	0.479270525
HLA-B*27:03	0.053583871	0.544683851	0.095508431	0.017905023	0.023701384	0.019225558	0.008538641	0.011442694	0.010785803	0.022002837	0.192621907
HLA-B*07:22	0.035599638	0.739791624	0.01075059	0.003653505	0.004141013	0.003944389	0.004808931	0.007135237	0.009827689	0.017034831	0.163312552
HLA-A*02:20	0.089952571	0.377153879	0.034333776	0.01171297	0.011731725	0.012939051	0.027641303	0.01971299	0.019669668	0.018701025	0.37645104
HLA-B*40:36	0.052564032	0.71621362	0.010932447	0.01407073	0.004789458	0.002865827	0.002614991	0.004724857	0.014804145	0.01108133	0.165338562
HLA-A*26:02	0.093654722	0.29700148	0.073148268	0.026458741	0.017917207	0.04630014	0.02639708	0.026987137	0.010337032	0.042709536	0.339088657
HLA-B*67:01	0.03821353	0.757438778	0.009151347	0.003824627	0.006785647	0.004674573	0.006494732	0.009905708	0.010105529	0.015086275	0.138319253
HLA-B*40:03	0.053093285	0.739729254	0.013830612	0.003971447	0.005652611	0.004628347	0.008628342	0.005545807	0.005475941	0.0094669	0.149977453
HLA-B*40:40	0.128429068	0.377619541	0.028440435	0.005048398	0.011449463	0.007716523	0.008748235	0.009395031	0.013953591	0.036658039	0.372541676
HLA-C*14:03	0.067246473	0.311774346	0.036444266	0.024868379	0.012584662	0.014135425	0.01060345	0.014507734	0.01039258	0.027048841	0.470393844
HLA-B*56:05	0.074655217	0.758940891	0.023958888	0.005193249	0.009757497	0.006091517	0.007725929	0.009300345	0.007978792	0.013727597	0.082670077
HLA-B*15:53	0.06973064	0.346406075	0.037209471	0.00512585	0.005188695	0.005960777	0.007116573	0.014701317	0.012901587	0.012114272	0.483544743
HLA-B*59:01	0.085491935	0.562860558	0.036527568	0.007400872	0.01005753	0.008970893	0.010451614	0.01155079	0.013076174	0.015289304	0.238322762
HLA-B*07:10	0.057001244	0.243143101	0.12217288	0.005438587	0.008484522	0.010073304	0.009503822	0.010026185	0.014719382	0.036639801	0.482797172
HLA-C*03:06	0.185201149	0.105083311	0.052431326	0.041150194	0.029143233	0.030058796	0.021882368	0.027580572	0.024070528	0.054092563	0.42930596
HLA-A*31:08	0.087018988	0.389944787	0.026266587	0.021551575	0.010622551	0.005276644	0.033285052	0.014600925	0.046467003	0.018237295	0.346728591
HLA-A*31:06	0.119544325	0.116756424	0.028777532	0.038164333	0.031674504	0.034797559	0.028570266	0.03946185	0.048910263	0.042564788	0.470778155
HLA-A*68:03	0.068437118	0.259811462	0.03981116	0.022485373	0.025178633	0.016373921	0.016709187	0.016828736	0.030594127	0.024165105	0.47960518
HLA-B*35:17	0.063250235	0.603837863	0.029247567	0.010751071	0.006298714	0.00761275	0.010466166	0.008939513	0.010961613	0.027793421	0.220841087
HLA-B*35:12	0.046928788	0.534462336	0.019516266	0.010090445	0.011101701	0.011844937	0.012502277	0.008170666	0.008013839	0.056249232	0.281119512
HLA-B*40:05	0.058948696	0.571073999	0.017141107	0.008444656	0.011252064	0.010514738	0.010184032	0.008646847	0.009957757	0.017365242	0.276470863
HLA-C*05:09	0.056721668	0.14074214	0.526981592	0.026933816	0.015032417	0.022456382	0.026475321	0.010262026	0.037112242	0.010741365	0.126541031
HLA-A*02:24	0.075456654	0.503994673	0.098534186	0.051219511	0.014849192	0.036802708	0.063065773	0.01569546	0.036313853	0.033353759	0.070714231
HLA-A*66:03	0.094532696	0.302704671	0.099339726	0.051788476	0.042224035	0.042780129	0.058297531	0.053234681	0.051328832	0.033375221	0.170394
HLA-A*02:04	0.068608814	0.331933124	0.067575686	0.035879774	0.021252294	0.031851287	0.036125175	0.029012094	0.031746887	0.041358755	0.30465611
HLA-A*74:11	0.105818126	0.137127152	0.056627812	0.02630506	0.022674636	0.017061788	0.02892954	0.011646248	0.020078516	0.032228329	0.541502793
HLA-B*51:14	0.06230964	0.573632374	0.032093706	0.009748536	0.008096125	0.005860732	0.006378126	0.004818532	0.010964402	0.006655471	0.279442355
HLA-C*07:27	0.078253321	0.296471237	0.050776566	0.041404445	0.033837715	0.041518799	0.045756875	0.037657104	0.046007314	0.048922865	0.27939376
HLA-B*15:34	0.040251774	0.205626694	0.035899707	0.005679144	0.005713307	0.005667707	0.008746168	0.009064166	0.007424857	0.014475716	0.661450761
HLA-A*24:20	0.045125364	0.539188805	0.01737805	0.012218252	0.005654147	0.007138033	0.013409113	0.012858447	0.004283755	0.007630153	0.335115881
HLA-B*41:03	0.03380861	0.719722023	0.005724916	0.003463105	0.006805583	0.003494687	0.004845281	0.005445673	0.005276113	0.007337015	0.204076993
HLA-B*35:22	0.101521956	0.613182498	0.010708385	0.004605398	0.005105559	0.004175144	0.004763199	0.007898922	0.010742501	0.0219887	0.215307737
HLA-B*18:06	0.025538086	0.600149308	0.077529433	0.014625574	0.029629156	0.00872188	0.05319262	0.007826505	0.016544908	0.010362436	0.155880094
HLA-B*27:08	0.05157133	0.821326175	0.048517677	0.003861917	0.007971559	0.00385157	0.004868758	0.004554424	0.006760818	0.005921311	0.040794461
HLA-B*44:22	0.040668928	0.811409858	0.008205577	0.000903442	0.001674625	0.003422712	0.002449228	0.008064615	0.002923162	0.012708885	0.107568969
HLA-B*40:04	0.018318704	0.755934807	0.042243083	0.005888089	0.00709049	0.004599997	0.005253297	0.006953447	0.006313288	0.01601485	0.131389947
HLA-B*15:20	0.041205447	0.225045198	0.026519993	0.013012542	0.008283952	0.007080634	0.006376176	0.009528285	0.008004851	0.020867213	0.634075709
HLA-A*02:67	0.081587354	0.47328155	0.044230118	0.01638826	0.012463879	0.022351417	0.02457742	0.020754473	0.017162569	0.028365293	0.258837668
HLA-B*39:09	0.022409186	0.25836854	0.010724028	0.002600378	0.003002784	0.001857096	0.004079601	0.005566405	0.004294257	0.008921561	0.678176164
HLA-B*35:11	0.072459628	0.375867308	0.019945141	0.004030584	0.004603393	0.004840511	0.006675957	0.007223748	0.004125306	0.017638021	0.482590404
HLA-B*51:21	0.041387006	0.452137093	0.023878188	0.002949553	0.001891049	0.002194509	0.002729356	0.003659678	0.002288743	0.014603414	0.452281412
HLA-A*74:03	0.057402786	0.200540631	0.104991782	0.008239161	0.011364296	0.013320558	0.008414421	0.018294635	0.06418476	0.018397943	0.494849027
HLA-B*50:04	0.044500898	0.780993217	0.019510293	0.002711621	0.005483597	0.003534437	0.002330822	0.002677301	0.004221012	0.02107039	0.112966412
HLA-B*15:73	0.03864315	0.436561732	0.040272391	0.003865854	0.002789765	0.004543381	0.002808943	0.006553452	0.004249162	0.017144399	0.44256777
HLA-B*51:06	0.094882862	0.485174778	0.026211898	0.015550658	0.009558579	0.013483693	0.008743814	0.008083478	0.011420698	0.014219039	0.312670503
HLA-C*12:04	0.187121594	0.213252592	0.107453645	0.028797149	0.022385385	0.030001926	0.016613079	0.01837474	0.03314785	0.042022309	0.300829731
HLA-A*26:15	0.136326798	0.276498585	0.049918942	0.024907578	0.032814838	0.021200047	0.019511124	0.018541399	0.020774865	0.017529907	0.381975916
HLA-B*15:68	0.084034671	0.342477755	0.079378746	0.027528835	0.027013941	0.027726431	0.025679917	0.030086707	0.033312109	0.022155249	0.300605639
HLA-A*23:04	0.064204372	0.532358377	0.041597167	0.025869218	0.025232376	0.019752886	0.021977073	0.021157847	0.034305598	0.052706623	0.160838463
HLA-B*38:05	0.043623311	0.453202815	0.02586075	0.005340228	0.005766482	0.006482194	0.004740176	0.00635579	0.011117069	0.007495583	0.430015602
HLA-B*15:135	0.041265197	0.175757524	0.028100947	0.004510136	0.007736667	0.004906371	0.007881338	0.006829173	0.007451188	0.015718636	0.699842822
HLA-A*02:19	0.072444087	0.322386345	0.064505268	0.026925851	0.025909805	0.035047254	0.029441773	0.030393005	0.037621173	0.032487616	0.322837824
HLA-B*35:24	0.066318052	0.499505198	0.032103306	0.0154706	0.012277742	0.01211535	0.023201904	0.009445922	0.018038829	0.025478371	0.286044726
HLA-B*57:10	0.039049153	0.184651932	0.022589679	0.011708644	0.009831131	0.010742858	0.010774418	0.010637917	0.016814662	0.012714205	0.6704854
HLA-A*24:14	0.029981239	0.29974366	0.074328541	0.051770675	0.033496588	0.028666464	0.02916118	0.033223141	0.073735909	0.026652718	0.319239886
HLA-C*03:08	0.076913039	0.18285817	0.0462927	0.018806139	0.02058069	0.020089426	0.0154179	0.014112579	0.017959212	0.044318634	0.542651511
HLA-B*18:08	0.102215395	0.582257517	0.019651132	0.019416238	0.015348181	0.005396597	0.004520238	0.012632015	0.013046668	0.008259144	0.217256875
HLA-A*02:21	0.121237309	0.286167237	0.063878832	0.035329632	0.018563292	0.026744484	0.020226164	0.027564566	0.024651685	0.030009831	0.345626968
HLA-A*30:08	0.013278256	0.203392199	0.106425082	0.022724302	0.013408174	0.020687152	0.03015248	0.058636407	0.082947335	0.020781614	0.427566999