HLA	1	2	3	4	5	6	7	8	9
HLA-B*08:01	0.047852764	0.08541879	0.100923617	0.016530513	0.217427429	0.025743989	0.019261776	0.053829498	0.433011625
HLA-C*07:01	0.068711709	0.559141037	0.016405604	0.030894545	0.01621768	0.016393324	0.016393725	0.010269229	0.265573146
HLA-B*44:02	0.019318227	0.726490259	0.036953803	0.009252401	0.005598567	0.010594301	0.009434391	0.007016526	0.175341525
HLA-A*01:01	0.022228016	0.268270663	0.153459661	0.004570379	0.007606731	0.005884617	0.02169699	0.007091485	0.509191458
HLA-C*07:04	0.085798025	0.219228792	0.057434198	0.048910528	0.045784962	0.050645638	0.050760804	0.046590455	0.394846598
HLA-A*03:01	0.028830241	0.208954128	0.013533794	0.003978812	0.006778891	0.006236327	0.012224872	0.007745793	0.711717142
HLA-B*07:02	0.019365939	0.809380033	0.01650495	0.00220991	0.005434476	0.006900384	0.006824386	0.020839417	0.112540505
HLA-C*07:02	0.082272975	0.353576633	0.052679008	0.01774156	0.018600133	0.020984458	0.020731427	0.010822844	0.422590963
HLA-C*05:01	0.056589362	0.082876497	0.666297059	0.012186764	0.011439427	0.011166944	0.013570221	0.016653445	0.129220281
HLA-B*45:01	0.042517027	0.813382459	0.013212502	0.003560292	0.005820929	0.008049169	0.00677427	0.007645567	0.099037786
HLA-B*56:01	0.050558252	0.811177326	0.015460066	0.00193307	0.005375081	0.005125562	0.005332987	0.017482243	0.087555414
HLA-C*06:02	0.048769775	0.547867886	0.07605488	0.016143278	0.02230564	0.014580098	0.019060189	0.01775038	0.237467874
HLA-A*26:01	0.143979082	0.26184802	0.066636518	0.01059937	0.006240341	0.034159403	0.010666878	0.011067744	0.454802644
HLA-A*30:02	0.027560789	0.046475705	0.011828566	0.004562955	0.004955296	0.005039309	0.021097636	0.008563856	0.869915888
HLA-A*23:01	0.023231973	0.263477016	0.020258459	0.005798471	0.015999122	0.019114094	0.035515775	0.009719881	0.606885209
HLA-B*07:05	0.041697947	0.743890536	0.010200667	0.004239155	0.010194127	0.012364373	0.007995998	0.032958519	0.136458679
HLA-B*18:01	0.036521988	0.669096336	0.014807482	0.003872944	0.008851018	0.006637247	0.010807085	0.009465352	0.239940549
HLA-C*15:05	0.086884238	0.402909001	0.045127933	0.028299167	0.018874423	0.023219215	0.012460396	0.018304997	0.36392063
HLA-B*57:01	0.043596885	0.196752758	0.02358457	0.008000192	0.008824267	0.005395675	0.006333813	0.00755311	0.699958729
HLA-A*29:02	0.027173719	0.059730639	0.027878104	0.007256377	0.00755345	0.007749724	0.041285151	0.031141772	0.790231065
HLA-B*27:02	0.076218729	0.545842893	0.043384246	0.022967999	0.027942027	0.027554141	0.0396572	0.028107463	0.188325302
HLA-C*02:02	0.202521356	0.289263078	0.069412658	0.035389223	0.03612079	0.031183431	0.036478445	0.034084865	0.265546154
HLA-A*68:01	0.03157972	0.0851007	0.014587242	0.00389459	0.007183366	0.002614504	0.008716841	0.005650847	0.840672191
HLA-A*02:01	0.041813046	0.431713434	0.045165916	0.00855456	0.008863371	0.028956363	0.017133154	0.008136575	0.40966358
HLA-B*15:01	0.069776515	0.378435139	0.062846135	0.006920735	0.008649755	0.016371945	0.015536348	0.052584152	0.388879275
HLA-C*03:04	0.126323056	0.19203869	0.032249944	0.015581956	0.013845311	0.021606943	0.021418005	0.038856469	0.538079624
HLA-B*39:01	0.078649111	0.147995001	0.031213168	0.005851522	0.006373379	0.007669721	0.01006512	0.061155082	0.651027897
HLA-C*12:03	0.21130974	0.220736412	0.054564828	0.0365702	0.01450081	0.023223326	0.013062525	0.030583769	0.39544839
HLA-A*24:02	0.026422658	0.530725588	0.024556858	0.005867064	0.010413285	0.028817698	0.018510715	0.00915652	0.345529614
HLA-B*14:02	0.04693936	0.155454348	0.047722403	0.040687708	0.147473576	0.033991873	0.026388687	0.119284859	0.382057185
HLA-A*11:01	0.032181852	0.141763934	0.019255704	0.00228578	0.003640281	0.004771552	0.009820015	0.006287563	0.779993318
HLA-C*12:02	0.156299003	0.2160511	0.050777383	0.020073922	0.016387838	0.024117054	0.030499762	0.044280059	0.441513877
HLA-B*13:02	0.053663143	0.196490389	0.057205366	0.008949158	0.011652836	0.014685261	0.040501452	0.015530523	0.601321871
HLA-B*52:01	0.053413968	0.111816598	0.146275364	0.012977988	0.015362138	0.023966528	0.024025811	0.018189181	0.593972424
HLA-C*16:01	0.143852594	0.123193248	0.044523705	0.038311919	0.03447978	0.044539976	0.038502905	0.040170007	0.492425866
HLA-B*44:03	0.02440334	0.780223943	0.025834164	0.004726924	0.009966335	0.005653858	0.00846029	0.002864594	0.137866552
HLA-A*30:01	0.183609338	0.208579728	0.300668465	0.007037325	0.011062316	0.01707254	0.02143451	0.012554267	0.237981511
HLA-B*40:02	0.023673833	0.781636109	0.016141488	0.003065865	0.008758124	0.006650846	0.011542253	0.013020675	0.135510805
HLA-C*15:02	0.058747482	0.40495093	0.032273539	0.013396966	0.010956178	0.018175541	0.017307586	0.022530559	0.42166122
HLA-B*51:01	0.085469968	0.441897488	0.037220253	0.007874564	0.005539446	0.010898592	0.008350138	0.009729615	0.393019937
HLA-C*08:03	0.136879412	0.165303247	0.05894959	0.014051105	0.012054028	0.01672446	0.016382462	0.034660787	0.544994909
HLA-B*48:01	0.063118083	0.287514431	0.027122261	0.007712658	0.009379711	0.00547382	0.009919808	0.032589505	0.557169724
HLA-B*38:01	0.027019418	0.474730498	0.010052513	0.003385541	0.005991762	0.003064215	0.010431632	0.008344367	0.456980054
HLA-B*35:02	0.080183918	0.565264322	0.018752132	0.004878225	0.00705265	0.007606466	0.008028217	0.031010208	0.277223862
HLA-B*49:01	0.029915849	0.63609985	0.024401885	0.002273589	0.008949073	0.007289743	0.004651567	0.005887286	0.280531157
HLA-B*27:05	0.040793987	0.843594579	0.031977201	0.003696922	0.007282472	0.006807829	0.006963885	0.007288128	0.051594997
HLA-A*25:01	0.130255854	0.343545522	0.06566762	0.011445	0.008280204	0.032566661	0.01597097	0.021498514	0.370769654
HLA-A*11:02	0.04115376	0.198221384	0.026418563	0.015099984	0.02125331	0.021556229	0.04025873	0.01995463	0.616083411
HLA-A*33:03	0.034419072	0.076548534	0.033022238	0.025896406	0.027595314	0.02367619	0.037824847	0.035430283	0.705587117
HLA-B*58:01	0.047371269	0.378003531	0.033620637	0.004168293	0.009787176	0.006134223	0.015618646	0.009681376	0.495614848
HLA-C*03:02	0.143306403	0.133678679	0.035397308	0.023353504	0.016874272	0.022055126	0.019165593	0.024844657	0.581324458
HLA-B*46:01	0.14954172	0.262483772	0.049712858	0.010317873	0.012318194	0.014279693	0.016261081	0.087599647	0.397485162
HLA-C*01:02	0.080345523	0.085606393	0.080637107	0.012040119	0.012438647	0.012415693	0.014928909	0.02711177	0.674475838
HLA-B*41:01	0.018638845	0.835659387	0.010254427	0.001574031	0.004687303	0.005170135	0.006266734	0.009220014	0.108529123
HLA-A*31:01	0.026972029	0.050902393	0.018905136	0.004151971	0.012924861	0.006033532	0.022780184	0.014847482	0.842482412
HLA-C*03:03	0.101348546	0.289353005	0.036825525	0.010520244	0.008907523	0.01085816	0.005032401	0.013469426	0.523685171
HLA-B*40:01	0.014351274	0.780203149	0.017438248	0.001623787	0.003814426	0.005830518	0.005431582	0.004373228	0.166933788
HLA-C*14:02	0.135055246	0.237250861	0.021454286	0.016488363	0.01141461	0.014329765	0.025248492	0.01584164	0.522916736
HLA-B*15:50	0.059733964	0.214229534	0.039268211	0.004441258	0.012089924	0.014963645	0.012761368	0.024488729	0.618023367
HLA-C*07:13	0.065011923	0.182613241	0.031364217	0.019624595	0.007157654	0.026476677	0.020020232	0.016491814	0.631239646
HLA-B*35:01	0.061445608	0.301659964	0.035421029	0.012441279	0.012278612	0.015464987	0.016433344	0.04155577	0.503299408
HLA-C*04:01	0.055436263	0.281556961	0.241855211	0.028046634	0.015760402	0.021185515	0.047526928	0.045559845	0.263072242
HLA-A*32:01	0.152609556	0.241505668	0.058307559	0.013132511	0.016847553	0.018911135	0.03893345	0.034798579	0.424953989
HLA-C*08:02	0.088998476	0.07748645	0.464712969	0.020356235	0.013595471	0.036839046	0.018044817	0.023579618	0.256386918
HLA-B*14:01	0.105170007	0.172939529	0.084538168	0.046011928	0.060029227	0.055775762	0.059030258	0.064724319	0.351780803
HLA-C*08:01	0.155262867	0.108747032	0.045816427	0.026576537	0.016233209	0.020689255	0.021998435	0.034038971	0.570637267
HLA-A*02:05	0.045780587	0.374181905	0.043265831	0.020066283	0.009257705	0.024900849	0.01686241	0.010761177	0.454923252
HLA-B*78:01	0.053207313	0.642396567	0.038244632	0.006506777	0.00878429	0.009490883	0.007459847	0.018934442	0.214975249
HLA-B*35:03	0.069893188	0.564538565	0.017511023	0.011555879	0.017612691	0.016394633	0.017695621	0.020351525	0.264446875
HLA-A*26:08	0.082787964	0.325538513	0.036336203	0.008657068	0.0107782	0.02318726	0.019340744	0.012059894	0.481314154
HLA-B*50:01	0.035568895	0.799223225	0.034202847	0.003320988	0.005091814	0.005590238	0.006224682	0.009569119	0.101208192
HLA-B*37:01	0.043989907	0.382882886	0.045990427	0.023168139	0.017122822	0.023404488	0.03311932	0.019244632	0.411077381
HLA-A*68:02	0.104016877	0.28486144	0.072887752	0.012928542	0.01299936	0.010952951	0.020668616	0.024297671	0.45638679
HLA-A*30:04	0.052562586	0.134609326	0.05788892	0.028457917	0.039686404	0.046946156	0.078716041	0.035801524	0.525331125
HLA-B*15:35	0.063784273	0.215916652	0.066089475	0.005583285	0.006510016	0.012862954	0.011988475	0.02678305	0.590481819
HLA-B*38:02	0.027656116	0.364235288	0.026707762	0.006124954	0.011082853	0.006852329	0.020968081	0.009944192	0.526428426
HLA-A*34:01	0.127741848	0.415911189	0.092764409	0.048252074	0.037916456	0.054456958	0.04117969	0.033265292	0.148512083
HLA-A*34:02	0.026216926	0.211816627	0.049323071	0.01609849	0.016306851	0.018609622	0.025262704	0.022043641	0.614322068
HLA-C*15:09	0.072507656	0.394274582	0.055568843	0.033927789	0.032454821	0.033750499	0.029127086	0.024688855	0.32369987
HLA-B*41:02	0.01883082	0.757972152	0.008924253	0.003346112	0.004655514	0.005586048	0.004315076	0.010732844	0.18563718
HLA-A*66:01	0.172431175	0.377060065	0.090870256	0.020187035	0.02642125	0.035107497	0.021868898	0.03580117	0.220252655
HLA-B*55:01	0.091667399	0.586146289	0.042286382	0.011483171	0.020083572	0.017788892	0.026541248	0.021323741	0.182679305
HLA-A*24:03	0.055547458	0.363127225	0.020542748	0.006227478	0.006631686	0.015784025	0.010981048	0.009329649	0.511828684
HLA-B*18:03	0.034342988	0.727135776	0.027490928	0.006844905	0.013364225	0.008619233	0.011643521	0.018953657	0.151604767
HLA-A*33:01	0.031296451	0.060485378	0.014771337	0.004371366	0.013131001	0.013381635	0.010824146	0.008551142	0.843187545
HLA-A*02:03	0.050694219	0.41307845	0.032965049	0.009314171	0.011337713	0.037404395	0.011317868	0.017142504	0.416745631
HLA-B*55:02	0.042013233	0.7619289	0.01846303	0.002608368	0.004095497	0.004666012	0.005066746	0.007481019	0.153677194
HLA-B*58:02	0.132230398	0.232021586	0.05890476	0.028021694	0.033797999	0.028146495	0.040545795	0.033788403	0.41254287
HLA-B*15:10	0.065528174	0.340764824	0.040574245	0.012964081	0.010148998	0.012216983	0.010317264	0.050789208	0.456696222
HLA-B*53:01	0.114290279	0.43372312	0.022712383	0.009336579	0.011322772	0.008048571	0.014611128	0.00772761	0.37822756
HLA-B*15:25	0.059009153	0.190956599	0.048907719	0.008952571	0.013660412	0.013420242	0.01961743	0.038917347	0.606558526
HLA-B*13:01	0.037870165	0.304339777	0.043092824	0.003919946	0.008956972	0.009071715	0.031389474	0.012625456	0.548733672
HLA-A*03:02	0.039267621	0.280813628	0.05033592	0.011390457	0.00881762	0.013370619	0.025431546	0.022717745	0.547854843
HLA-B*15:02	0.033479738	0.126303741	0.021073811	0.009802389	0.012521055	0.010104362	0.011087662	0.025178304	0.750448939
HLA-A*29:01	0.035093672	0.127721317	0.038906626	0.029734253	0.027052327	0.026345683	0.032947891	0.027975319	0.65422291
HLA-C*16:04	0.120653533	0.157240332	0.131275588	0.045375059	0.038869078	0.047656249	0.041165052	0.052606815	0.365158292
HLA-B*40:06	0.028272571	0.785867031	0.024487393	0.002672917	0.007155205	0.003698046	0.011501471	0.004951283	0.131394081
HLA-A*02:07	0.092862932	0.418638448	0.068147541	0.017187794	0.007714552	0.024739222	0.024582508	0.023773611	0.322353391
HLA-B*15:17	0.048925116	0.483013416	0.019347976	0.001605591	0.002196979	0.00372528	0.005291782	0.002373453	0.433520407
HLA-A*74:01	0.082777524	0.264932686	0.037054528	0.00540286	0.02329188	0.011431271	0.018187344	0.014963421	0.541958486
HLA-B*15:12	0.034186393	0.232837552	0.026986017	0.00420852	0.009181515	0.014792687	0.011296997	0.020995247	0.645515072
HLA-B*47:01	0.063120274	0.632997891	0.056986278	0.004750318	0.013637299	0.009266076	0.034704849	0.011080508	0.173456508
HLA-B*51:05	0.040104256	0.672219826	0.010238961	0.002979255	0.003883518	0.005890602	0.010439713	0.008751221	0.245492648
HLA-B*81:01	0.053222283	0.559063811	0.009706525	0.006396085	0.008245906	0.006980215	0.01084827	0.012763293	0.332773612
HLA-B*15:16	0.092936964	0.40988885	0.034574376	0.010834568	0.01192561	0.011818512	0.011530184	0.017990293	0.398500642
HLA-B*39:08	0.04009315	0.388181569	0.022059418	0.00674452	0.01420512	0.008977026	0.014119552	0.02980191	0.475817734
HLA-C*07:17	0.054862706	0.323851569	0.022289816	0.027222083	0.015825734	0.02318647	0.026790906	0.027578543	0.478392172
HLA-B*27:06	0.108156041	0.325895653	0.052918883	0.007128074	0.013239074	0.013449202	0.012590592	0.021428384	0.445194098
HLA-A*24:07	0.01970518	0.472149655	0.018917199	0.008455914	0.013957481	0.011230418	0.012023432	0.017692062	0.425868659
HLA-B*44:05	0.013597144	0.735206957	0.020007572	0.003611681	0.00444965	0.006468819	0.004899317	0.003392883	0.208365977
HLA-A*02:06	0.090092859	0.40284997	0.025522349	0.013522333	0.006831285	0.027126408	0.048105953	0.017024736	0.368924107
HLA-A*02:02	0.145524992	0.318863232	0.018045075	0.008575115	0.008224664	0.015119861	0.01646766	0.011352201	0.457827199
HLA-B*39:05	0.029744042	0.348538191	0.033708447	0.005005015	0.006758634	0.005185856	0.009516459	0.023725403	0.537817952
HLA-C*04:03	0.055976066	0.120692162	0.3437437	0.019223086	0.011747699	0.012216315	0.012697805	0.022686261	0.401016906
HLA-B*42:01	0.019745464	0.514292443	0.01988442	0.006356569	0.014079253	0.010287239	0.007781953	0.020873246	0.386699414
HLA-B*15:18	0.057587256	0.161401717	0.035212079	0.008257389	0.004874348	0.006801456	0.008306014	0.026565819	0.690993921
HLA-B*15:03	0.069955829	0.343230117	0.033584182	0.009268481	0.010012179	0.014025957	0.011845141	0.022561164	0.485516951
HLA-B*15:27	0.049030531	0.184622263	0.055693258	0.009582656	0.006055156	0.010204428	0.013431221	0.023697416	0.647683071
HLA-C*02:10	0.139031493	0.285083668	0.083927667	0.017454567	0.012413907	0.034847151	0.022953182	0.029289166	0.374999198
HLA-B*54:01	0.199028549	0.640410054	0.024535554	0.00371308	0.014446889	0.009283886	0.00627138	0.016414314	0.085896294
HLA-B*57:03	0.05398919	0.40957026	0.023345048	0.012578248	0.009736404	0.01275634	0.01452193	0.011831098	0.451671481
HLA-B*35:05	0.072691475	0.621175614	0.017683614	0.004753844	0.006529656	0.007204754	0.013156828	0.023105581	0.233698635
HLA-B*48:03	0.042746685	0.398831441	0.009578899	0.002735972	0.004363743	0.00342201	0.004973109	0.008556119	0.524792021
HLA-B*15:11	0.063382846	0.187682466	0.037315442	0.008344247	0.008955582	0.015070212	0.01622127	0.042147661	0.620880274
HLA-B*18:25	0.056057151	0.29951352	0.043917779	0.014587544	0.019587187	0.010456106	0.041495779	0.023025756	0.49135918
HLA-B*41:04	0.027555779	0.719604154	0.009906468	0.002681646	0.004498471	0.004077586	0.00727894	0.008839571	0.215557384
HLA-C*07:18	0.019566348	0.423761056	0.012912469	0.006481912	0.007647564	0.014837551	0.025472263	0.01047393	0.478846907
HLA-A*69:01	0.067625793	0.25814497	0.034854154	0.005725405	0.009782012	0.008804892	0.018652773	0.012470462	0.583939538
HLA-B*15:07	0.068924731	0.143426024	0.076141571	0.008262311	0.00991806	0.015016159	0.011919017	0.035679221	0.630712904
HLA-A*02:38	0.053533335	0.494097498	0.016786249	0.014072948	0.003849133	0.021633386	0.009316492	0.011194138	0.375516821
HLA-C*03:81	0.114739878	0.167357838	0.037827283	0.010234782	0.026572113	0.015415704	0.015709875	0.040473244	0.571669283
HLA-B*39:06	0.081586369	0.368757119	0.057383298	0.022259301	0.049376067	0.032204041	0.051392993	0.066646755	0.270394058
HLA-B*35:30	0.035734354	0.618397517	0.016595253	0.004542104	0.007226843	0.0062501	0.011441791	0.025983932	0.273828108
HLA-B*44:04	0.012023763	0.742016892	0.009788498	0.001726886	0.003541395	0.003119196	0.004062025	0.002156462	0.221564884
HLA-A*31:02	0.054196376	0.084849328	0.049344224	0.031698446	0.033062354	0.032520908	0.02909221	0.037724483	0.647511672
HLA-B*51:08	0.052180596	0.599480345	0.014661271	0.003476899	0.006783528	0.007330999	0.006816727	0.005466025	0.303803609
HLA-B*15:04	0.096866307	0.508343507	0.106146415	0.005321247	0.011509952	0.020809147	0.012314969	0.037024368	0.201664086
HLA-A*80:01	0.013623186	0.018518641	0.012443957	0.002747955	0.00930344	0.008883186	0.085888166	0.009856373	0.838735095
HLA-B*35:08	0.040455686	0.356793837	0.022230412	0.008502121	0.010292371	0.011558816	0.010273932	0.01851232	0.521380505
HLA-B*44:13	0.015212469	0.80878274	0.017504408	0.002132727	0.005873141	0.008088167	0.004854262	0.006276363	0.131275722
HLA-A*02:11	0.040138482	0.477086442	0.026133128	0.011023877	0.003875746	0.010941029	0.013426462	0.007754098	0.409620735
HLA-A*02:16	0.037129771	0.344769665	0.046999447	0.011121102	0.007014493	0.01473629	0.022289065	0.020010013	0.495930153
HLA-B*42:02	0.037577845	0.292213662	0.025434713	0.014967084	0.045122948	0.019861533	0.016948379	0.056196146	0.491677691
HLA-B*39:02	0.076912064	0.268018683	0.041089665	0.013078844	0.018747473	0.017177729	0.027713805	0.037196184	0.500065553
HLA-A*24:31	0.01971971	0.456167026	0.018468227	0.009396013	0.013583982	0.010600093	0.018752585	0.013900414	0.439411951
HLA-B*39:10	0.045505952	0.557756724	0.012962844	0.006148614	0.009497992	0.009826408	0.008721163	0.023407976	0.326172326
HLA-B*35:43	0.074536753	0.3725214	0.035618641	0.006269654	0.007361673	0.01333572	0.00956005	0.021629898	0.459166212
HLA-B*35:77	0.119019112	0.242040499	0.072488364	0.020392243	0.026329835	0.033970167	0.035841369	0.055864022	0.394054389
HLA-A*33:05	0.029462588	0.085278794	0.026729946	0.010381226	0.024843515	0.022308901	0.028026308	0.019980059	0.752988664
HLA-B*55:04	0.021970582	0.830174573	0.024174233	0.003274434	0.007067212	0.00501942	0.006554792	0.011898814	0.089865941
HLA-A*01:02	0.03625143	0.130505534	0.122023551	0.028074413	0.02962697	0.033871266	0.045496643	0.026786524	0.547363669
HLA-A*36:01	0.032292154	0.228048384	0.053458267	0.016929257	0.015976161	0.019593694	0.032981712	0.019019216	0.581701154
HLA-C*08:04	0.154837209	0.214465044	0.052155213	0.008869136	0.013028631	0.017433964	0.011081469	0.030987047	0.497142288
HLA-C*15:04	0.098631593	0.382165282	0.048476879	0.016437118	0.019438403	0.025204503	0.021870152	0.030476178	0.357299892
HLA-B*44:06	0.040040481	0.501213521	0.027117255	0.003843348	0.007416668	0.008673741	0.010203245	0.011814104	0.389677636
HLA-A*74:09	0.063304966	0.26334763	0.016301093	0.006463152	0.008667238	0.008984424	0.02661578	0.016514005	0.589801711
HLA-B*39:13	0.044430945	0.335243859	0.0274228	0.007558531	0.012662059	0.006666522	0.018005535	0.027053371	0.520956377
HLA-B*35:04	0.036306415	0.607255988	0.017129252	0.003683892	0.005832449	0.005502558	0.008846914	0.018241035	0.297201497
HLA-A*23:05	0.024661919	0.349003812	0.029949717	0.012219338	0.015077512	0.016393822	0.027297438	0.013659481	0.511736962
HLA-A*02:22	0.059834469	0.442592603	0.010756512	0.006738322	0.005776204	0.012169901	0.011443297	0.007516927	0.443171767
HLA-C*07:22	0.038950149	0.378079766	0.027369668	0.006833755	0.008363368	0.010247767	0.00927502	0.008344332	0.512536176
HLA-B*50:02	0.022024754	0.86423672	0.017455206	0.002187406	0.004080711	0.006343031	0.003996302	0.007106775	0.072569096
HLA-B*57:04	0.05519519	0.233440707	0.01515117	0.005719039	0.006378061	0.005649423	0.009375788	0.005600042	0.663490581
HLA-A*02:27	0.056627029	0.370730838	0.01525439	0.007091672	0.004244661	0.015052015	0.012535667	0.009276157	0.50918757
HLA-B*44:09	0.040164216	0.620691981	0.057524271	0.019152487	0.021609592	0.028703434	0.022210997	0.02386704	0.166075982
HLA-A*02:29	0.087256506	0.287171646	0.052416987	0.018376365	0.017523304	0.027697719	0.029166454	0.017980892	0.462410127
HLA-B*15:09	0.054130339	0.489064755	0.035971115	0.010856431	0.011479268	0.024663947	0.015638475	0.044996868	0.313198801
HLA-B*07:04	0.044007358	0.727649734	0.032480764	0.005199714	0.006412569	0.008296427	0.008597981	0.014987924	0.15236753
HLA-B*14:03	0.056559198	0.324789932	0.047495753	0.005516738	0.038579655	0.015356016	0.013462323	0.035758731	0.462481654
HLA-B*51:29	0.022114592	0.601726279	0.010865254	0.00363678	0.00366944	0.00423372	0.003829369	0.005318318	0.344606248
HLA-B*15:24	0.038692387	0.24690505	0.042408873	0.008484278	0.008738863	0.013860673	0.012845517	0.00971778	0.618346582
HLA-B*73:01	0.040516443	0.164954351	0.019138269	0.013666695	0.010382827	0.024646079	0.061412991	0.039804208	0.625478138
HLA-B*08:09	0.060636786	0.150910984	0.130150732	0.018933612	0.13353585	0.04186963	0.022996674	0.045481803	0.39548393
HLA-B*27:04	0.108051853	0.536929078	0.075739924	0.013569836	0.018938525	0.021863142	0.017700523	0.041134311	0.166072809
HLA-B*27:07	0.029576935	0.708776429	0.035424057	0.007873291	0.010480282	0.007033713	0.015044981	0.008715906	0.177074407
HLA-B*82:01	0.034735529	0.779133189	0.010718653	0.003232288	0.005534021	0.005703385	0.005996419	0.02376868	0.131177835
HLA-A*68:08	0.02812451	0.244829632	0.039997488	0.006290604	0.008513437	0.008688228	0.013969437	0.010442116	0.639144548
HLA-B*44:10	0.023783139	0.568405698	0.043221413	0.01591163	0.01513193	0.022923813	0.04205182	0.020896801	0.247673755
HLA-B*39:24	0.043472503	0.209031984	0.046564924	0.007306027	0.009255402	0.007618456	0.011586247	0.038379343	0.626785115
HLA-C*06:17	0.029597493	0.481197087	0.009637327	0.009628021	0.01050734	0.014630214	0.021561785	0.024407351	0.398833382
HLA-A*01:03	0.028110288	0.278442334	0.08807921	0.014417957	0.018601729	0.022415053	0.027901341	0.017765156	0.504266931
HLA-C*03:05	0.052410098	0.159081154	0.033577117	0.01412301	0.013629102	0.014343975	0.014045514	0.028771577	0.670018453
HLA-B*50:05	0.059074141	0.677416688	0.051743687	0.006839923	0.00886575	0.009612897	0.007950698	0.019075648	0.159420567
HLA-B*44:08	0.026149796	0.353375604	0.012196393	0.00443231	0.006489764	0.005032281	0.006145012	0.003153863	0.583024976
HLA-A*03:25	0.072910289	0.261518058	0.02417898	0.009789666	0.009103298	0.015903686	0.026986795	0.016245416	0.563363811
HLA-B*15:05	0.048137788	0.113079089	0.028085418	0.013767715	0.013184559	0.013832151	0.014387278	0.030171313	0.725354689
HLA-B*15:125	0.070743236	0.329412551	0.047643886	0.009766709	0.008726417	0.015780576	0.014490599	0.019620186	0.483815839
HLA-B*35:13	0.089513495	0.305236474	0.033032606	0.019661241	0.017519228	0.026033137	0.033989315	0.047093498	0.427921006
HLA-B*48:05	0.050836793	0.361956029	0.026880616	0.004539538	0.008098356	0.007962849	0.013722826	0.064688586	0.461314407
HLA-C*07:46	0.055980311	0.350784184	0.023551102	0.020636252	0.015105324	0.014462078	0.026365066	0.034250203	0.45886548
HLA-B*78:02	0.054470001	0.713637915	0.019013434	0.005388065	0.005233855	0.01250705	0.007753153	0.026567393	0.155429134
HLA-C*06:08	0.104423247	0.419687968	0.033436591	0.012205115	0.014387109	0.013457438	0.01548957	0.0159436	0.370969361
HLA-A*02:30	0.062108617	0.422946315	0.076562791	0.005901782	0.008270192	0.022598932	0.012068159	0.007665076	0.381878136
HLA-C*06:06	0.115047005	0.310831538	0.03467396	0.013081752	0.018076917	0.019048558	0.01730853	0.036153933	0.435777806
HLA-A*03:12	0.086286782	0.253072224	0.043278291	0.020645216	0.025882096	0.021748552	0.030857907	0.023101332	0.495127599
HLA-C*07:95	0.057513495	0.338640669	0.03969602	0.025436975	0.02515682	0.028436266	0.043116699	0.030345934	0.411657122
HLA-C*16:02	0.129520706	0.207379344	0.118968835	0.033993621	0.023603427	0.024730805	0.031388517	0.037357973	0.393056773
HLA-A*11:10	0.044269865	0.20066942	0.031573037	0.013955498	0.017935329	0.01877411	0.027747666	0.028868211	0.616206865
HLA-B*58:06	0.065897101	0.467772617	0.039940192	0.006560738	0.019486446	0.003965311	0.007456547	0.007149764	0.381771284
HLA-A*01:38	0.020061673	0.242594005	0.15464935	0.016043852	0.016158361	0.016701382	0.031982632	0.02384356	0.477965185
HLA-B*44:07	0.015509655	0.804136331	0.014381044	0.001898051	0.004158768	0.004263579	0.004894917	0.003061535	0.147696119
HLA-A*29:10	0.04153889	0.120161413	0.045537357	0.031877521	0.030336183	0.03571007	0.037353545	0.033073101	0.62441192
HLA-C*08:13	0.121887182	0.227172124	0.029264395	0.013562979	0.008919582	0.023965275	0.020931423	0.02218693	0.532110111
HLA-C*01:30	0.104668037	0.197507169	0.150093117	0.02125706	0.015718117	0.009130069	0.016956392	0.031025376	0.453644661
HLA-B*53:02	0.069665278	0.483508744	0.015705163	0.005851384	0.006698028	0.006748714	0.009150702	0.009021705	0.393650283
HLA-B*27:09	0.054204594	0.750480876	0.03587892	0.005313217	0.010507362	0.007219834	0.010585227	0.004294152	0.121515817
HLA-A*24:23	0.027355568	0.382829249	0.021463288	0.021446382	0.0154911	0.031067194	0.020146395	0.021438175	0.45876265
HLA-B*27:14	0.060831453	0.797796984	0.027734629	0.002643228	0.008743727	0.005250976	0.02441084	0.011655406	0.060932758
HLA-A*68:24	0.010146149	0.263856373	0.047004198	0.006397759	0.006709323	0.007198259	0.008297152	0.013390187	0.637000599
HLA-A*66:02	0.082379617	0.468767074	0.082835545	0.010334592	0.017872341	0.01343167	0.031789474	0.019029954	0.273559734
HLA-A*36:03	0.041118997	0.21627256	0.191764328	0.024428521	0.025603932	0.024245572	0.049341535	0.032809588	0.394414968
HLA-B*07:12	0.034135746	0.610142344	0.026623142	0.003890512	0.005688384	0.012982611	0.008111557	0.031269933	0.267155772
HLA-B*15:31	0.056413037	0.10254351	0.035770438	0.00859267	0.008648864	0.009148635	0.0125705	0.03057133	0.735741017
HLA-B*57:02	0.034913868	0.300739476	0.009531534	0.005171278	0.003579354	0.004475968	0.005554587	0.004317597	0.631716337
HLA-B*40:12	0.047118596	0.21610361	0.035000418	0.007053167	0.007409882	0.009535568	0.006933363	0.022967285	0.647878111
HLA-B*51:09	0.058798642	0.54593505	0.02350135	0.00696749	0.00745608	0.009596555	0.012051327	0.011814036	0.32387947
HLA-B*18:05	0.03163691	0.69375532	0.024218591	0.002654665	0.005673673	0.005201075	0.004916122	0.01814702	0.213796624
HLA-B*15:39	0.072540919	0.192217632	0.058183959	0.00635469	0.011867721	0.017091746	0.01417856	0.053895256	0.573669517
HLA-B*07:09	0.022062516	0.81078614	0.018524962	0.002545771	0.006091864	0.005332612	0.00842742	0.021995944	0.104232772
HLA-A*26:14	0.172123553	0.36682395	0.043803693	0.018465517	0.017458001	0.038867653	0.013985475	0.015100305	0.313371852
HLA-A*02:14	0.071043133	0.27215159	0.062128233	0.017650278	0.010846559	0.046431813	0.039348005	0.023512701	0.456887686
HLA-B*56:04	0.05976745	0.773928585	0.01537799	0.004981626	0.007346679	0.007390679	0.008407769	0.017217299	0.105581924
HLA-C*03:17	0.094208011	0.166808325	0.026986055	0.021297386	0.022898361	0.021554509	0.024166767	0.025602589	0.596477997
HLA-A*24:10	0.022992357	0.366244184	0.02906749	0.017530562	0.0172962	0.022243741	0.023849428	0.022955512	0.477820526
HLA-B*15:21	0.042785424	0.141782435	0.040356265	0.007257282	0.014312384	0.017949446	0.006367681	0.0152838	0.713905283
HLA-B*15:13	0.060180742	0.085332141	0.051032795	0.013417098	0.008993459	0.01288192	0.008965079	0.017376044	0.741820722
HLA-A*11:04	0.040097298	0.16271645	0.021622832	0.01181868	0.017516618	0.014576235	0.027637258	0.025376302	0.678638326
HLA-B*51:02	0.050068859	0.521369101	0.01836402	0.003396473	0.005754555	0.006589997	0.003698177	0.005747203	0.385011615
HLA-B*15:08	0.069868448	0.234484938	0.029025593	0.008059438	0.008293828	0.014915039	0.014479794	0.029071687	0.591801235
HLA-A*02:17	0.04104585	0.421765794	0.022667497	0.008888578	0.008681654	0.011154632	0.019474806	0.007769082	0.458552106
HLA-A*24:17	0.026358298	0.696820634	0.029377712	0.008063253	0.012436857	0.025484085	0.015386996	0.026588671	0.159483494
HLA-B*35:09	0.055945092	0.585392003	0.013541604	0.00485679	0.005116121	0.006651467	0.006901788	0.019601936	0.3019932
HLA-B*48:02	0.05615549	0.264867167	0.064022471	0.007159597	0.008144311	0.00753575	0.014413665	0.024946863	0.552754686
HLA-B*18:07	0.080256671	0.206414602	0.028703421	0.007831446	0.013252079	0.015243288	0.017053672	0.037012477	0.594232343
HLA-A*11:03	0.054677443	0.249408143	0.052213089	0.015872164	0.013833643	0.009814719	0.02748891	0.01423402	0.562457868
HLA-A*68:06	0.078694621	0.520611291	0.058764223	0.010155839	0.014161376	0.012080005	0.01668781	0.02759802	0.261246814
HLA-B*27:03	0.06576644	0.663540219	0.050189211	0.009196452	0.039368842	0.014633533	0.007971016	0.011899217	0.137435071
HLA-B*07:22	0.028457235	0.744813779	0.019120936	0.002342489	0.003594254	0.005202179	0.009940015	0.014142994	0.172386118
HLA-A*01:06	0.026682263	0.136373723	0.02604341	0.022728319	0.023405361	0.024806953	0.070302593	0.04041934	0.629238037
HLA-A*02:20	0.048301476	0.393423156	0.07705334	0.016686989	0.016553921	0.024092556	0.018026927	0.016344978	0.389516657
HLA-B*39:31	0.066682649	0.238366926	0.023501127	0.010486498	0.010078789	0.00944157	0.017244545	0.043055294	0.581142603
HLA-B*40:36	0.004783546	0.69109707	0.007261517	0.002619723	0.002713524	0.002405181	0.004191881	0.004331221	0.280596337
HLA-A*26:02	0.090265859	0.496531253	0.045552261	0.013684368	0.011682767	0.049493746	0.010330947	0.012313423	0.270145376
HLA-B*67:01	0.036781153	0.769772436	0.010070195	0.004327464	0.006467418	0.005580032	0.00793826	0.01627582	0.142787222
HLA-B*40:03	0.058906179	0.675508372	0.054367761	0.008817815	0.014603444	0.007498137	0.013393177	0.014441922	0.152463193
HLA-B*40:40	0.034056454	0.576910724	0.013372666	0.002029707	0.005299748	0.004340853	0.005747962	0.012013857	0.346228029
HLA-C*14:03	0.08169702	0.223389627	0.080854455	0.014475813	0.014062784	0.021742978	0.014508993	0.027950398	0.521317932
HLA-B*56:05	0.047438262	0.795078575	0.024804044	0.003148254	0.006341322	0.008988282	0.005681969	0.019893506	0.088625785
HLA-B*15:53	0.052391122	0.320279681	0.037204012	0.007149986	0.008260755	0.016490793	0.01434539	0.031501433	0.512376829
HLA-B*40:21	0.057639464	0.364829431	0.012002232	0.00649302	0.010597151	0.009273294	0.006770004	0.012596973	0.51979843
HLA-B*59:01	0.094952376	0.494116831	0.032869508	0.008929144	0.01076441	0.010486094	0.015129291	0.013141615	0.319610731
HLA-A*02:35	0.116767244	0.271407257	0.110428491	0.019511906	0.013520568	0.015699807	0.024441697	0.014533547	0.413689482
HLA-B*07:10	0.068198554	0.16451871	0.107506761	0.011246581	0.011912397	0.013944675	0.024902705	0.038512551	0.559257066
HLA-C*03:06	0.068218279	0.210253674	0.032003236	0.01603401	0.016077365	0.022536622	0.015705772	0.038397784	0.580773257
HLA-A*31:06	0.090058346	0.049388814	0.020498546	0.013558159	0.009866018	0.021237249	0.092593165	0.013961211	0.688838492
HLA-A*68:03	0.022563843	0.140592255	0.023353153	0.005382673	0.006297614	0.015688851	0.014857824	0.009488062	0.761775725
HLA-A*68:05	0.049231582	0.228135088	0.107007152	0.046419726	0.060586284	0.026622765	0.03401872	0.091211144	0.356767538
HLA-B*35:17	0.084602972	0.610331548	0.033875231	0.006936649	0.009566008	0.011383521	0.011607114	0.030945302	0.200751655
HLA-B*18:04	0.076489716	0.210366997	0.036186441	0.010404312	0.019628058	0.013992107	0.034202915	0.037086516	0.561642937
HLA-C*12:12	0.0574627	0.337081021	0.089260676	0.027602518	0.027721328	0.02474699	0.029236634	0.04862525	0.358262883
HLA-B*18:11	0.052131209	0.302496706	0.069317197	0.016380765	0.017745442	0.00845156	0.008758641	0.012548545	0.512169936
HLA-B*35:12	0.074920551	0.603854528	0.013144041	0.003213426	0.004551411	0.004943483	0.008418099	0.015467935	0.271486526
HLA-B*40:05	0.046985608	0.658106818	0.037028375	0.006348288	0.009878943	0.009993055	0.009827106	0.010302164	0.211529643
HLA-C*05:09	0.048509564	0.15329744	0.520430713	0.003353455	0.004295304	0.005734858	0.007858647	0.008002818	0.2485172
HLA-A*02:24	0.208373986	0.365541624	0.020091818	0.005045625	0.015462465	0.011467997	0.028725538	0.009598522	0.335692425
HLA-A*34:05	0.105499594	0.451128172	0.125979201	0.04165884	0.039822527	0.026911803	0.054022786	0.041847837	0.113129239
HLA-A*66:03	0.083928143	0.418692723	0.080243363	0.006427226	0.00978667	0.037236731	0.032168297	0.015293662	0.316223185
HLA-C*07:05	0.016057941	0.424253358	0.015990935	0.010316726	0.0038472	0.004952336	0.007190041	0.014278005	0.503113459
HLA-A*02:04	0.087343736	0.479013048	0.041882516	0.0095894	0.008183777	0.028627967	0.035646404	0.013222308	0.296490845
HLA-A*74:11	0.074198542	0.252968003	0.064280311	0.017880431	0.013160328	0.018465124	0.017309363	0.013121326	0.52861657
HLA-B*39:11	0.01913157	0.393483562	0.020142544	0.002617988	0.006456398	0.003672941	0.005797966	0.021256658	0.527440372
HLA-B*15:30	0.040007545	0.520390662	0.013667294	0.004610436	0.010140239	0.017013326	0.00558419	0.029230831	0.359355478
HLA-B*51:14	0.054327677	0.467250511	0.024114563	0.004961298	0.006731013	0.008444856	0.007306718	0.012291964	0.414571399
HLA-C*07:27	0.040667213	0.38260044	0.03118662	0.028741944	0.026923419	0.030575061	0.03185061	0.031176819	0.396277874
HLA-B*15:34	0.043468514	0.252264358	0.051598185	0.007855317	0.005953133	0.012494601	0.014024182	0.020807391	0.591534319
HLA-A*24:20	0.028043613	0.428004102	0.0194674	0.012959837	0.017875259	0.022900717	0.01895426	0.026247301	0.425547511
HLA-B*41:03	0.010866665	0.855453705	0.00863439	0.001250203	0.002855233	0.00265095	0.003538914	0.00528896	0.10946098
HLA-C*17:01	0.121911788	0.178902909	0.041288305	0.015846461	0.026008959	0.023067972	0.037246319	0.03432174	0.521405547
HLA-B*35:22	0.046524482	0.618260383	0.015570866	0.002778774	0.00583643	0.004696042	0.009153126	0.016685753	0.280494145
HLA-B*18:06	0.03708194	0.641865862	0.006842518	0.008449218	0.014333885	0.00487586	0.028288874	0.027276142	0.230985702
HLA-C*03:07	0.044818098	0.272503185	0.04078062	0.007777666	0.006350833	0.011581243	0.013846681	0.011223208	0.591118465
HLA-B*27:08	0.070540709	0.78707673	0.0578776	0.005373811	0.008811573	0.006235485	0.00786085	0.010094519	0.046128725
HLA-B*40:04	0.024793152	0.781187851	0.014816521	0.002141972	0.005463336	0.003951635	0.007216703	0.00821192	0.152216911
HLA-B*15:20	0.04905498	0.226963923	0.027378972	0.0073404	0.010621864	0.010546087	0.009294305	0.024118912	0.634680558
HLA-A*02:67	0.086915147	0.42386127	0.039010721	0.02028533	0.015020046	0.018793257	0.023841183	0.020393206	0.35187984
HLA-B*39:12	0.108486892	0.300629524	0.102168961	0.016089088	0.010389718	0.032767573	0.019093217	0.028856215	0.381518812
HLA-B*39:09	0.072509417	0.22158964	0.023915361	0.004713561	0.006818786	0.013745188	0.02942337	0.025025793	0.602258883
HLA-B*35:11	0.057999864	0.507917362	0.023734249	0.003916563	0.006343131	0.005589164	0.011130219	0.048930963	0.334438485
HLA-A*74:03	0.042324131	0.284036089	0.029000285	0.003150517	0.00309625	0.003209493	0.017402922	0.004899476	0.612880836
HLA-B*50:04	0.028943806	0.772210619	0.013895876	0.00289385	0.005379689	0.005038815	0.005676494	0.014175567	0.151785284
HLA-B*15:37	0.055482682	0.420263606	0.012939444	0.002728841	0.003991869	0.004283032	0.004383903	0.011329413	0.484597209
HLA-B*15:73	0.057953153	0.503472813	0.058626321	0.004512338	0.009628461	0.012673349	0.007974837	0.019643539	0.32551519
HLA-C*01:17	0.133522967	0.17645418	0.120770384	0.026516144	0.017681109	0.024967215	0.018736403	0.037977802	0.443373795
HLA-B*51:06	0.04576204	0.517913735	0.026544573	0.004969848	0.004244983	0.009070066	0.004647616	0.008254407	0.378592731
HLA-C*12:04	0.135376491	0.206855835	0.084592028	0.043953654	0.024023759	0.033032743	0.028713287	0.032418466	0.411033736
HLA-B*35:23	0.110769659	0.417951794	0.024753069	0.008657147	0.016787925	0.012781462	0.027474777	0.042466225	0.338357942
HLA-A*26:15	0.125515447	0.360213216	0.063797709	0.012209988	0.008797402	0.040903967	0.019990897	0.011504785	0.357066588
HLA-B*15:68	0.097317085	0.376570071	0.061881331	0.010619009	0.013766586	0.036427769	0.020129223	0.034311026	0.348977901
HLA-C*04:06	0.168075064	0.10714617	0.049831274	0.092651589	0.030621611	0.043524206	0.043041507	0.072038694	0.393069885
HLA-A*23:04	0.013844029	0.428009582	0.021675131	0.019810239	0.021122684	0.027125612	0.025891471	0.025166374	0.417354876
HLA-A*32:13	0.045560359	0.346439473	0.024701625	0.007929932	0.014207468	0.016644154	0.022297059	0.024575631	0.4976443
HLA-B*38:05	0.047086153	0.42156406	0.046642006	0.005813729	0.008110155	0.006045241	0.01505815	0.009740233	0.439940273
HLA-B*15:135	0.057552369	0.217783851	0.053234321	0.009039124	0.009945767	0.012551509	0.013892938	0.019397034	0.606603086
HLA-A*02:19	0.008178616	0.544156245	0.030505634	0.006136946	0.003124892	0.00915793	0.008549572	0.007019004	0.38317116
HLA-B*08:12	0.065846282	0.115034153	0.062180688	0.02677391	0.11882542	0.017997617	0.021764554	0.04158946	0.529987914
HLA-B*15:54	0.050987855	0.168919742	0.053280276	0.005179554	0.005768033	0.011428373	0.013598672	0.021358291	0.669479205
HLA-B*35:24	0.064940657	0.5054241	0.031168098	0.009843856	0.012571586	0.011279139	0.017556102	0.059436626	0.287779835
HLA-B*57:10	0.067001481	0.222607832	0.0242553	0.004781656	0.006224175	0.005647805	0.01932867	0.005545131	0.644607951
HLA-B*56:02	0.065616524	0.772584434	0.013268654	0.003108557	0.005573453	0.009102934	0.008688638	0.012271685	0.109785122
HLA-A*24:14	0.02593199	0.16512705	0.040633246	0.016100283	0.015592417	0.024764285	0.041133685	0.023632094	0.647084949
HLA-C*03:08	0.059617705	0.259275841	0.029153786	0.008530246	0.012364122	0.008557889	0.014902829	0.012239318	0.595358264
HLA-B*18:08	0.044105178	0.729203328	0.022122542	0.004238907	0.008494946	0.01667522	0.019930981	0.02272801	0.132500888
HLA-A*02:21	0.08943652	0.302413087	0.053608371	0.023486973	0.019363975	0.037108758	0.032260137	0.028605288	0.413716892
HLA-C*07:80	0.062059925	0.339134564	0.041866026	0.042303246	0.045773692	0.037727122	0.048499424	0.047759092	0.334876909
HLA-B*07:13	0.077097791	0.183747372	0.039307968	0.010402288	0.010279071	0.011407587	0.022079549	0.036190203	0.609488171
HLA-A*30:08	0.176628852	0.452863485	0.171096047	0.005461127	0.00763862	0.010709579	0.013078918	0.011709721	0.150813651
HLA-A*02:60	0.095595662	0.244836092	0.044194443	0.024734009	0.053407212	0.017082284	0.065909577	0.026554114	0.427686608
HLA-C*08:15	0.033159112	0.168202005	0.262088081	0.005221343	0.004980627	0.018116209	0.015389142	0.034372155	0.458471327